l(r:p4udm0-p4ulv1);(-122.42646912626252,37.80754510842293);(-122.42630995138379,37.80756235951348)

l(r:p4udm0-p4udt0lv);(-122.42635713312511,37.807337262220216);(-122.42640201396456,37.807409585422775);(-122.42644689489084,37.80748190860808);(-122.42646912626252,37.80754510842293)

l(r:p4udm1-p4ulv29);(-122.42599697331926,37.806902879869284);(-122.42593954751162,37.80698371778735)

l(r:p4udm1-p4udt0lv)

l(r:p4udm13-p4ulv8);(-122.42783388675566,37.80734444414615);(-122.42789061544791,37.8073537327498)

l(r:p4udm13-p4udt7lv);(-122.42774474840253,37.807118684081956);(-122.42776698077863,37.80718188366383);(-122.42783388675566,37.80734444414615)

l(r:p4udm14-p4ulv36);(-122.4277125475742,37.80687517439581);(-122.42776955408553,37.80684841207177)

l(r:p4udm14-p4udt7lv);(-122.42774827464443,37.807127251773345);(-122.42772244650918,37.80706449724111);(-122.42772272472706,37.807028446258656);(-122.42773436253562,37.80699245046008);(-122.4277347102997,37.80694738673135);(-122.4277125475742,37.80687517439581)

l(r:p4udt10lv-p4ulv12);(-122.42723530630047,37.80689088112849);(-122.42725746856456,37.806963093549896)

l(r:p4udt11lv-p4ulv13)

l(r:p4udt12lv-p4ulv14);(-122.4280665306235,37.808111685901245);(-122.42802869723711,37.80859820861845)

l(r:p4udt13lv-p4ulv15);(-122.42806330410295,37.80705713954578);(-122.42807452468128,37.80707522018942)

l(r:p4udt17lv-p4ulv19);(-122.42983179883261,37.80753439284069);(-122.4296611957,37.80756060623162)

l(r:p4udt13-p4udt7);(-122.42796092863718,37.80707466862613);(-122.42806330410295,37.80705713954578)

l(r:p4udt23-p4udt7);(-122.42772286511115,37.80712352994415);(-122.42784719351737,37.80709214244479)

l(r:p4udt10-p4udt23);(-122.42771192346441,37.807125952873726);(-122.42771164784881,37.807067294968114);(-122.42765449758468,37.80703712787616);(-122.42759790830432,37.807009813669566);(-122.42756403824453,37.80698260983812);(-122.4275417365233,37.806928422963225);(-122.42751943483422,37.80687423608386);(-122.42751985230602,37.80682015961027);(-122.42753162933282,37.80676613833955);(-122.42740688299344,37.80673849280555);(-122.42733816888031,37.80681026346033);(-122.42726980267898,37.80683697034715);(-122.42723530630047,37.80689088112849)

l(r:p4udt2-p4udt26);(-122.42860662050067,37.807312142485934);(-122.42872028635523,37.807303680682736);(-122.42889109744966,37.80725043040993);(-122.4290387726816,37.807251146257656);(-122.42914066247036,37.80729670547356);(-122.4292315395962,37.80729714582509);(-122.4293338457244,37.80728862838899);(-122.42943712268224,37.807153932391195)

l(r:p4udt12-p4udt26);(-122.42815740873105,37.8081121270894);(-122.42822563680903,37.80810344518972);(-122.42830536360519,37.808076792890944);(-122.42837373059012,37.808050085414955);(-122.42843087671727,37.808005297291174);(-122.42856795768695,37.80790681842292);(-122.42870510772983,37.80779932664458);(-122.42883082825318,37.807700792369616);(-122.42896797753401,37.807593300275286);(-122.42910505702973,37.80749482076324);(-122.42923084587768,37.80738727330041);(-122.42922017995537,37.80729709078499);(-122.4291405930876,37.80730571822103);(-122.42903319529317,37.807258998077636);(-122.4288910280367,37.80725944315707);(-122.42872444075267,37.80731206926747);(-122.4286076817244,37.80732111598661);(-122.42844786338473,37.807275319995384)

l(r:p4udt12-p4udt8);(-122.42702192002461,37.808043517998435);(-122.4271354479059,37.8080530832223);(-122.42731706473724,37.8080719924507);(-122.42749875124902,37.80808188865612);(-122.42769179757242,37.808091839771244);(-122.42788484395169,37.8081017905704);(-122.4280665306235,37.808111685901245)

l(r:p4udt0-p4udt8);(-122.42636745652408,37.807333500988854);(-122.42641220552393,37.80740560427418);(-122.42645708645786,37.80747792745572);(-122.42648006801043,37.8075426856098);(-122.42649121826038,37.8076263337188);(-122.42651338000863,37.80769854626709);(-122.42653547209862,37.807779771553314);(-122.4265575642359,37.80786099683466);(-122.42657965642051,37.80794222211115);(-122.42668112751444,37.808041859899134);(-122.42681730518115,37.80806054874244);(-122.42691961261407,37.808052033414974)

l(r:p4udt0-p4uhs0_4)_s1

l(r:p4udt8lv-p4ulv9);(-122.42691961261407,37.808052033414974);(-122.42690839217403,37.8080339526654)

l(r:p4udt26lv-p4ulv35);(-122.42844786338473,37.807275319995384);(-122.42848208121818,37.807257459842816)

l(r:p4udm5-p4ulv32);(-122.43006460331509,37.806805459584005);(-122.42998543273961,37.80676001109892)

l(r:p4udm4-p4ulv3);(-122.43055285710285,37.80683486004349);(-122.43060944735721,37.80686217283904)

l(r:p4udm4-p4udm5);(-122.43055285710285,37.80683486004349)

l(r:p4udm5-p4udt2lv);(-122.43017898310252,37.80672646148623);(-122.43006460331509,37.806805459584005)

l(r:p4udt1lv-p4ulv2);(-122.42983179883261,37.80753439284069);(-122.42967200083106,37.807632763212204)

l(r:p4udt1lv-p4ulv11);(-122.42983179883261,37.80753439284069);(-122.42988797359176,37.807615782470684)

l(r:p4udt1-p4udt17)

l(r:p4udt17-p4udt2);(-122.43008628344907,37.80694076074297);(-122.43001805664669,37.806949443732435);(-122.42997150979417,37.80709342785749);(-122.4299250320448,37.80722839921041);(-122.42987848483006,37.80737238328904);(-122.42983179883261,37.80753439284069)

l(r:p4udt23lv-p4ulv31);(-122.42776698077863,37.80718188366383);(-122.42755052181666,37.80726194973961)

l(r:p4udt23-p4udt26);(-122.42830046605899,37.807238552421744);(-122.42819829888707,37.807229043467906);(-122.42807334297683,37.80722843687146);(-122.42797096727628,37.80724596595813);(-122.42792545922414,37.80725475805078);(-122.4277612844423,37.80718968154086)

l(r:p4udt11-p4udt14)_s0

l(r:p4udt11-p4udt14)_s1

l(r:p4udt0-p4udt11)_s0

l(r:p4udt0-p4udt11)_s1

l(r:p4udt14lv-p4ulv16)p4ud1;(-122.41899013991787,37.810960466836825);(-122.41910494213336,37.810807810756195)

padswitch(r:p4udt13-p4udt7)p4u_32

padswitch(r:p4udt13-p4udt7)p4u_33

padswitch(r:p4udt11-p4udt14)p4u_34

padswitch(r:p4udt11-p4udt14)p4u_35

elbswitch(r:p4udt2-p4udt6)p4u_47

fuse(r:p4udt23-p4udt7)p4u_50

fuse(r:p4udt10-p4udt23)p4u_51

recloser_disswitch(r:p4udt0-p4udt11)p4u_53

goab_disswitch(r:p4udt2-p4udt26)p4u_54

goab_disswitch(r:p4udt12-p4udt8)p4u_58

goab_disswitch(r:p4udt17-p4udt2)p4u_59

goab_disswitch(r:p4udt12-p4udt26)p4u_61

goab_disswitch(r:p4udt23-p4udt26)p4u_64

recloser_disswitch(r:p4udt0-p4udt8)p4u_69

goab_disswitch(r:p4udt1-p4udt17)p4u_71

disswitch(r:p4udt23-p4udt7)p4u_73

disswitch(r:p4udt10-p4udt23)p4u_74

l(r:p4udt2-p4udt26)_disconnect

l(r:p4udt2-p4udt26)_cont;(-122.42964526983158,37.80667724687769);(-122.42970324588153,37.806524305118565);(-122.4297263114764,37.80647935135465);(-122.4297950229853,37.80640757928164);(-122.42985244415982,37.80632673943859);(-122.42992115540427,37.80625496728804);(-122.42996714757197,37.806183085163134);(-122.43000171091398,37.80612016080601);(-122.43002498401643,37.80604816872586);(-122.43003682836222,37.80598513443103);(-122.43003779814698,37.805858955917365);(-122.43002685435332,37.80580482445021);(-122.4300272699807,37.805750747943115);(-122.43003939135167,37.80565166263903);(-122.4300738851141,37.805597751004086);(-122.4301310975741,37.80554394926166);(-122.43018824070002,37.80549916024219);(-122.43027939259905,37.805463548759825);(-122.43046148848407,37.805419363838034);(-122.43059814675863,37.80537495901974);(-122.43074623339649,37.8053215961799);(-122.4308260254778,37.80528592937799);(-122.4309172459752,37.805241304642855);(-122.43106581612476,37.805124852120336);(-122.43108901873175,37.80506187256094);(-122.43108936443329,37.80501680879106);(-122.43108977927413,37.804962732266716);(-122.43119256587798,37.8048911239055);(-122.43123834859188,37.80484627951445);(-122.43128413125028,37.8048014351048);(-122.4313184854856,37.80476554859668);(-122.43135290879508,37.80472064932319);(-122.43138733206264,37.80467575003896);(-122.43142189348599,37.804612825233725);(-122.43144488833806,37.8045768838608);(-122.43146802135371,37.80452291697228);(-122.43149108524518,37.80447796283392);(-122.43149143069515,37.80443289905642);(-122.43150306625567,37.80439690285167);(-122.43149205250319,37.804351784256006);(-122.43148103876376,37.804306665659084);(-122.43147037049748,37.804216483281884);(-122.43145977134874,37.80411728814659);(-122.43146025499885,37.80405419885444);(-122.4314948160642,37.803991274018344);(-122.43151774159898,37.803964345381864);(-122.43156352353856,37.803919500851194);(-122.43163112573394,37.80399193174674);(-122.43164186323786,37.8040731013578);(-122.43166395992837,37.80415432576868);(-122.43168605666624,37.804235550174674);(-122.43171930545476,37.804343867640505);(-122.43176391354862,37.80445223988818);(-122.43177478936967,37.804515383970845);(-122.43178552709946,37.8045965535635);(-122.4318075550442,37.8046867906984);(-122.43181822378126,37.804776973041726);(-122.43184032086526,37.80485819741308);(-122.43190723377006,37.80502075570087);(-122.43192946909765,37.80508395454312);(-122.43194048321985,37.805129073095316);(-122.43205407636246,37.80512962079745);(-122.4320877401905,37.805183861618914);(-122.43206426230026,37.80528289240087);(-122.43207513849019,37.80534603644995);(-122.43191596954551,37.805363295170594);(-122.4317567314694,37.80538956643001);(-122.43160892171852,37.80540687952751);(-122.43163053522186,37.80555119320773);(-122.43166350820607,37.805695561684786);(-122.43159486824091,37.80575832212254);(-122.43150357841276,37.80581196013011);(-122.43141221934981,37.805874610818584);(-122.43121834869639,37.80597281887322);(-122.43112712747174,37.8060174438302);(-122.43102447753189,37.806071026603014);(-122.43086475344056,37.80616038590309);(-122.43077346259284,37.80621402333296);(-122.43067088132167,37.8062585930401);(-122.43052258511389,37.806338994014574);(-122.43037435781645,37.806410382047915);(-122.43028306630877,37.806464019090114);(-122.43021449371625,37.80651776594985);(-122.43015721129848,37.80658058046848);(-122.43011114979939,37.80666147541222);(-122.43019018184113,37.80672494931332);(-122.43022308325854,37.806878330896254)

